4.20886
3.98684
4.01503
4.92803
4.17944
4.45301
3.68697
3.27234
3.34717
4.08395
3.47452
3.36344
0.458704
2.11583
3.59467
4.93994
4.94018
3.22832
4.08114
3.76367
4.23228
2.09865
3.32833
2.72731
3.38428
4.23842
0.981935
3.98766
4.2727
4.90393
3.24575
3.10078
4.95188
4.0641
2.63146
4.9519
4.9519
3.44687
4.39654
1.8787
4.95276
4.94907
3.58354
3.7282
4.01007
4.53208
4.34795
4.94152
4.9534
4.9534
3.5911
1.18119
2.55511
3.63536
3.28759
4.89614
3.67344
2.94436
4.98085
3.67493
3.05095
4.02264
2.6284
4.12447
2.73277
4.9173
2.37979
4.92738
1.77891
0.840272
3.28451
3.0971
3.45179
3.44503
2.21565
4.04652
4.11512
4.00238
4.95785
3.17585
2.90993
2.74309
2.74309
3.94896
4.82617
4.92571
3.87728
1.14625
1.03852
3.46845
3.25332
2.60385
3.15736
2.734
2.734
2.25179
2.25179
2.25179
2.81965
3.68566
4.92144
4.81851
3.69879
0.914573
1.03447
3.46593
3.76479
3.05534
1.85946
3.31776
2.46007
2.7183
3.0133
2.67496
4.15219
4.18908
4.90817
3.7568
4.41484
3.89334
2.154
3.41269
1.93565
1.92774
2.43789
3.61124
3.10799
2.10844
3.7169
3.70505
2.292
4.34891
3.79382
3.90877
3.79382
1.0038
0.393043
2.82394
0.623142
1.45892
1.8999
3.16368
2.58453
1.87563
1.96341
3.37278
2.26547
2.80268
2.65602
4.92998
0.705658
1.96607
2.81329
3.5909
3.3129
3.53933
4.48256
4.05411
2.36868
2.71121
3.85712
3.57891
4.20575
4.98333
1.50327
3.65
4.98443
3.9708
2.83924
1.84827
3.1762
1.74298
1.73348
0.333127
3.04065
0.548667
2.87067
0.126618
0.0406794
2.52585
2.52585
1.15999
0.897637
3.62334
1.94441
4.00871
3.58995
3.81998
1.72684
2.07099
2.88034
0.749252
4.44149
1.00098
3.46962
2.87466
4.98436
2.11859
3.89277
4.2499
1.04298
1.08386
4.38288
3.0205
2.95175
0.1021
4.98005
3.80767
0.316641
3.62384
4.08079
3.50208
3.34629
3.82472
2.96299
3.51653
3.80103
4.97623
4.96266
4.98406
2.71751
4.22644
2.08521
3.80619
4.16608
2.75259
4.28859
2.5288
2.73901
1.18821
0.451058
2.47784
3.59939
4.4926
5.0
2.56997
1.40463
3.31741
0.531733
2.16536
4.11333
3.47766
3.01594
3.92406
0.322886
0.519306
1.2782
0.381315
0.610696
1.40397
2.40394
2.11226
4.0975
3.87689
2.80206
2.73577
3.23963
1.18524
0.969284
0.0274817
2.43042
2.23735
3.39449
3.20985
0.543135
0.00464031
2.82295
2.89966
3.99101
3.56442
2.13686
2.88691
3.28964
4.08074
2.76902
1.66264
3.60371
0.49888
3.0972
3.90652
0.0294249
0.578711
3.48637
1.83159
2.96111
3.59625
3.14608
2.70438
4.37943
2.87324
2.29904
4.55712
2.89532
3.69973
0.931756
0.756042
0.881305
3.64046
3.58144
1.23685
1.85118
1.74957
1.71415
2.81672
2.24067
3.71711
3.11376
0.0
0.728706
0.717865
0.352477
3.9206
3.65353
1.01449
0.399011
3.77481
0.420199
1.15278
3.03613
2.46543
4.28822
3.87026
0.945643
0.489198
1.63087
0.0
1.40233
4.21136
0.360604
0.213382
0.420386
0.542141
3.00786
2.04843
0.0774086
0.271647
0.87042
0.626329
1.94055
3.07709
0.303648
0.360651
0.189563
2.25267
0.864423
0.796437
0.0502556
3.89552
3.38902
0.773431
0.682604
0.104643
0.962716
4.27979
1.6415
2.66765
0.895001
4.79347
2.7396
2.13387
2.79793
0.792825
0.0
1.9771
2.42986
4.39669
2.67213
2.82531
3.72345
5.0
5.0
4.50896
2.21736
0.568705
1.20739
3.2353
0.848383
3.50642
0.685414
2.49088
4.36519
3.24315
1.60636
0.0396762
3.18024
1.79828
0.683649
0.120832
3.07376
3.08033
0.0
0.0
3.82052
2.11003
0.429006
2.30607
0.903843
3.67002
2.18629
2.711
3.08498
3.45156
3.58771
2.98483
1.40768
1.00745
1.39454
0.970796
0.0
0.259263
0.566217
0.615507
0.0
0.660946
3.27646
0.291205
1.93889
3.90222
0.650265
4.12356
3.94667
2.3607
0.0
0.0
1.2632
0.0
2.97273
1.98879
2.72326
2.99262
4.64968
0.825315
3.47083
3.48753
0.463876
2.54126
2.97907
1.70446
2.34115
0.0
0.188464
3.01786
2.47357
0.0
3.11306
2.62446
3.39125
4.37157
2.04769
2.78113
1.74878
2.20387
4.00286
1.81521
0.686573
0.490891
1.72525
1.47941
2.41094
0.656883
0.899252
0.0477316
2.20118
3.19161
1.85909
1.72404
2.70691
1.69445
0.0871244
1.18432
0.0
2.78769
3.51591
0.0303377
0.0
0.739607
4.40737
0.643616
2.09316
2.85362
3.73891
2.98651
1.34101
0.528493
0.869934
3.85112
2.43707
0.0
4.6995
3.41515
0.0
3.45608
4.24239
1.71981
0.457835
0.487006
0.680625
0.0
0.0235984
0.0
0.0
0.0
0.0306735
3.30117
1.65996
2.79021
3.3216
3.42587
0.814073
2.97508
2.78469
1.52308
1.23381
0.0
4.08187
0.704188
0.635914
0.680812
2.96719
4.57151
3.59617
0.169612
1.66039
2.55918
1.8201
0.0
0.417858
1.14828
0.525889
0.445102
2.79085
3.24618
1.13091
0.552179
0.66294
0.0
0.0
0.0706178
0.042542
0.995579
1.26691
2.07284
2.81355
1.85957
1.19177
1.01273
0.0483893
0.0415406
1.84018
3.44274
0.939717
0.591151
1.02968
3.84469
3.90081
0.503627
1.56161
3.40296
0.634636
0.0643409
0.178195
1.96386
1.20662
2.38635
0.147159
1.64221
3.8915
0.258242
0.447246
2.68175
3.72688
3.33403
0.726678
2.48655
0.322141
0.0
2.7175
3.61058
2.56277
4.17295
2.99764
3.61811
2.08592
1.30392
1.95359
0.828833
0.691287
0.873767
1.3355
1.76713
0.64936
0.203574
4.00727
3.73579
1.61817
1.81708
0.0255598
0.028537
2.43687
1.71818
2.41903
3.3435
1.45674
2.71112
0.799168
1.35947
2.97947
1.68105
3.34349
1.50417
1.12623
0.333861
0.0
0.0
0.0987428
3.22832
3.99867
1.55309
1.51152
2.95125
0.92462
4.4297
3.89173
3.25201
3.98385
1.47548
0.0
0.0372722
2.6833
0.84676
1.71323
2.5848
0.503855
1.35227
0.0
0.783367
0.0755148
2.31145
0.0504305
0.0968513
0.316741
3.79425
2.48422
0.0700812
0.0
0.307155
0.234607
0.692728
2.90629
1.94385
2.97478
0.122307
0.55796
0.019426
2.59732
1.20679
2.9321
1.03018
2.86203
0.310966
0.698096
0.825508
1.90288
0.0381336
1.4837
1.44956
1.51192
2.51552
3.76108
1.0967
3.85822
0.169599
0.722854
3.15744
2.49459
1.15125
1.4341
1.87018
3.4773
3.09909
0.069128
0.0684845
0.0474707
2.46777
0.134663
0.993165
0.111268
2.4316
0.456604
0.758862
2.98227
1.78658
1.40396
0.0
0.843069
1.33106
0.253073
1.60587
2.65824
1.04301
0.0
1.36044
0.0738556
0.0671607
0.271532
0.0326668
0.24141
0.439174
1.4291
2.55763
1.82322
1.05252
0.0686261
2.96151
4.26722
0.810931
0.574274
2.16433
2.28997
2.11481
0.772656
0.810508
3.43015
1.36559
0.356233
0.000593182
0.0305142
2.91178
2.22477
0.0
0.550275
0.301821
1.19702
1.05877
0.496219
4.44145
2.59462
1.95707
2.48498
1.22847
0.417888
0.842673
0.297949
0.0
0.0
0.110388
1.24466
0.0054085
0.185894
0.0
